0.000000, 10.000000, 10.000000
0.100000, 11.274969, 11.200000
0.200000, 12.712492, 12.544000
0.300000, 14.333294, 14.049280
0.400000, 16.160744, 15.735194
0.500000, 18.221188, 17.623417
0.600000, 20.544332, 19.738227
0.700000, 23.163670, 22.106814
0.800000, 26.116965, 24.759632
0.900000, 29.446796, 27.730788
1.000000, 33.201169, 31.058482
1.100000, 37.434214, 34.785500
1.200000, 42.206958, 38.959760
1.300000, 47.588212, 43.634931
1.400000, 53.655560, 48.871123
1.500000, 60.496475, 54.735658
1.600000, 68.209585, 61.303937
1.700000, 76.906092, 68.660409
1.800000, 86.711377, 76.899658
1.900000, 97.766804, 86.127617
2.000000, 110.231764, 96.462931
2.100000, 124.285967, 108.038483
2.200000, 140.132036, 121.003101
2.300000, 157.998429, 135.523473
2.400000, 178.142732, 151.786289
2.500000, 200.855369, 170.000644
2.600000, 226.463796, 190.400721
2.700000, 255.337217, 213.248808
2.800000, 287.891909, 238.838665
2.900000, 324.597221, 267.499305
3.000000, 365.982344, 299.599221
3.100000, 412.643941, 335.551128
3.200000, 465.254744, 375.817263
3.300000, 524.573259, 420.915335
3.400000, 591.454698, 471.425175
3.500000, 666.863310, 527.996196
3.600000, 751.886283, 591.355739
3.700000, 847.749417, 662.318428
3.800000, 955.834798, 741.796639
3.900000, 1077.700726, 830.812236
4.000000, 1215.104175, 930.509704
4.100000, 1370.026132, 1042.170869
4.200000, 1544.700150, 1167.231373
4.300000, 1741.644556, 1307.299138
4.400000, 1963.698754, 1464.175035
4.500000, 2214.064162, 1639.876039
4.600000, 2496.350372, 1836.661163
4.700000, 2814.627185, 2057.060503
4.800000, 3173.483289, 2303.907763
4.900000, 3578.092417, 2580.376695
5.000000, 4034.287935, 2890.021898
5.100000, 4548.646945, 3236.824526
5.200000, 5128.585109, 3625.243469
5.300000, 5782.463564, 4060.272686
5.400000, 6519.709463, 4547.505408
5.500000, 7350.951892, 5093.206057
5.600000, 8288.175115, 5704.390784
5.700000, 9344.891347, 6388.917678
5.800000, 10536.335572, 7155.587799
5.900000, 11879.685185, 8014.258335
6.000000, 13394.307644, 8975.969335
6.100000, 15102.039698, 10053.085655
6.200000, 17027.502212, 11259.455934
6.300000, 19198.455134, 12610.590646
6.400000, 21646.197718, 14123.861523
6.500000, 24406.019776, 15818.724906
6.600000, 27517.710457, 17716.971895
6.700000, 31026.131903, 19843.008522
6.800000, 34981.866038, 22224.169545
6.900000, 39441.943820, 24891.069890
7.000000, 44470.667477, 27877.998277
7.100000, 50140.537568, 31223.358070
7.200000, 56533.298244, 34970.161039
7.300000, 63741.115780, 39166.580363
7.400000, 71867.907358, 43866.570007
7.500000, 81030.839276, 49130.558408
7.600000, 91362.016164, 55026.225417
7.700000, 103010.385579, 61629.372467
7.800000, 116143.885420, 69024.897163
7.900000, 130951.865142, 77307.884822
8.000000, 147647.815656, 86584.831001
8.100000, 166472.447294, 96975.010721
8.200000, 187697.160199, 108612.012007
8.300000, 211627.957175, 121645.453448
8.400000, 238609.855421, 136242.907862
8.500000, 269031.860743, 152592.056806
8.600000, 303332.575962, 170903.103622
8.700000, 342006.524379, 191411.476057
8.800000, 385611.279457, 214380.853184
8.900000, 434775.503521, 240106.555566
9.000000, 490208.011364, 268919.342234
9.100000, 552707.989432, 301189.663302
9.200000, 623176.517927, 337332.422898
9.300000, 702629.561941, 377812.313646
9.400000, 792212.618915, 423149.791283
9.500000, 893217.233608, 473927.766237
9.600000, 1007099.618670, 530799.098185
9.700000, 1135501.649277, 594494.989968
9.800000, 1280274.534523, 665834.388764
9.900000, 1443505.506832, 745734.515415
10.000000, 1627547.914190, 835222.657265
10.100000, 1835055.149044, 935449.376137
10.200000, 2069018.903021, 1047703.301274
10.300000, 2332812.299015, 1173427.697426
10.400000, 2630238.522465, 1314239.021118
10.500000, 2965585.652982, 1471947.703652
10.600000, 3343688.486826, 1648581.428090
10.700000, 3769998.241559, 1846411.199461
10.800000, 4250661.147817, 2067980.543396
10.900000, 4792607.061295, 2316138.208604
11.000000, 5403649.372467, 2594074.793636
11.100000, 6092597.654495, 2905363.768872
11.200000, 6869384.673383, 3254007.421137
11.300000, 7745209.591527, 3644488.311674
11.400000, 8732699.429269, 4081826.909074
11.500000, 9846091.112290, 4571646.138163
11.600000, 11101436.729471, 5120243.674743
11.700000, 12516834.960486, 5734672.915712
11.800000, 14112692.009687, 6422833.665597
11.900000, 15912015.808231, 7193573.705469
12.000000, 17940747.726062, 8056802.550125
12.100000, 20228136.576115, 9023618.856141
12.200000, 22807160.302887, 10106453.118877
12.300000, 25715001.434971, 11319227.493143
12.400000, 28993583.156289, 12677534.792320
12.500000, 32690173.724721, 14198838.967398
12.600000, 36858067.952206, 15902699.643486
12.700000, 41557355.571411, 17811023.600704
12.800000, 46855787.566730, 19948346.432789
12.900000, 52829752.959760, 22342148.004723
13.000000, 59565380.131846, 25023205.765290
13.100000, 67159778.561785, 28025990.457125
13.200000, 75722438.881181, 31389109.311980
13.300000, 85376811.432443, 35155802.429418
13.400000, 96262086.087966, 39374498.720948
13.500000, 108535198.990644, 44099438.567462
13.600000, 122373095.147492, 49391371.195557
13.700000, 137975279.496821, 55318335.739024
13.800000, 155566693.228450, 61956536.027707
13.900000, 175400956.825692, 69391320.351032
14.000000, 197764026.584978, 77718278.793155
14.100000, 222978317.330222, 87044472.248334
14.200000, 251407350.760292, 97489808.918134
14.300000, 283460996.446142, 109188585.988310
14.400000, 319601381.038578, 122291216.306907
14.500000, 360349550.881416, 136966162.263736
14.600000, 406292984.086839, 153402101.735385
14.700000, 458094060.376701, 171810353.943631
14.800000, 516499610.801941, 192427596.416866
14.900000, 582351685.021162, 215518907.986890
15.000000, 656599691.373305, 241381176.945317
15.100000, 740314084.771392, 270346918.178755
15.200000, 834701799.759609, 302788548.360206
15.300000, 941123651.236599, 339123174.163431
15.400000, 1061113953.716153, 379817955.063042
15.500000, 1196402641.981903, 425396109.670607
15.600000, 1348940212.055843, 476443642.831080
15.700000, 1520925842.061780, 533616879.970810
15.800000, 1714839098.410370, 597650905.567307
15.900000, 1933475684.422902, 669369014.235384
16.000000, 2179987746.792103, 749693295.943630
16.100000, 2457929320.989716, 839656491.456865
16.200000, 2771307570.820530, 940415270.431689
16.300000, 3124640560.858238, 1053265102.883492
16.400000, 3523022394.684882, 1179656915.229511
16.500000, 3972196658.050841, 1321215745.057052
16.600000, 4478639225.806430, 1479761634.463898
16.700000, 5049651626.456647, 1657333030.599566
16.800000, 5693466310.402548, 1856212994.271514
16.900000, 6419365339.552102, 2078958553.584096
17.000000, 7237814209.482773, 2328433580.014187
17.100000, 8160612733.508301, 2607845609.615890
17.200000, 9201065163.989182, 2920787082.769796
17.300000, 10374172003.574448, 3271281532.702172
17.400000, 11696846271.773106, 3663835316.626432
17.500000, 13188157344.832146, 4103495554.621604
17.600000, 14869605884.431627, 4595915021.176197
17.700000, 16765433818.922832, 5147424823.717340
17.800000, 18902973846.197899, 5765115802.563421
17.900000, 21313043497.075436, 6456929698.871032
18.000000, 24030389440.526779, 7231761262.735556
18.100000, 27094188436.420246, 8099572614.263823
18.200000, 30548612158.162186, 9071521327.975481
18.300000, 34443464028.447334, 10160103887.332539
18.400000, 38834897249.561752, 11379316353.812443
18.500000, 43786224380.289467, 12744834316.269936
18.600000, 49368830131.324532, 14274214434.222328
18.700000, 55663200539.225281, 15987120166.329008
18.800000, 62760083356.807976, 17905574586.288490
18.900000, 70761796389.660233, 20054243536.643108
19.000000, 79783702641.442825, 22460752761.040283
19.100000, 89955873535.571671, 25156043092.365116
19.200000, 101424964192.429642, 28174768263.448929
19.300000, 114356327798.515457, 31555740455.062801
19.400000, 128936399551.004883, 35342429309.670334
19.500000, 145375384547.738586, 39583520826.830772
19.600000, 163910288374.716431, 44333543326.050461
19.700000, 184808334083.960510, 49653568525.176514
19.800000, 208370814825.294342, 55611996748.197693
19.900000, 234937437676.548706, 62285436357.981415
20.000000, 264891221298.434723, 69759688720.939178
20.100000, 298664018025.000061, 78130851367.451874
20.200000, 336742740003.233765, 87506553531.546097
20.300000, 379676379145.858765, 98007339955.331635
20.400000, 428083922106.013489, 109768220749.971436
20.500000, 482663274386.279663, 122940407239.968002
20.600000, 544201322243.523193, 137693256108.764160
20.700000, 613585277454.906250, 154216446841.815857
20.800000, 691815468505.865234, 172722420462.833771
20.900000, 780019762614.271729, 193449110918.373810
21.000000, 879469826517.284180, 216663004228.578674
21.100000, 991599460457.298706, 242662564736.008118
21.200000, 1118025269693.409180, 271782072504.329102
21.300000, 1260569971565.502441, 304395921204.848572
21.400000, 1421288674135.608398, 340923431749.430420
21.500000, 1602498505273.325195, 381834243559.362061
21.600000, 1806812019356.325439, 427654352786.485474
21.700000, 2037174863220.032715, 478972875120.863708
21.800000, 2296908244397.234375, 536449620135.367371
21.900000, 2589756813924.586426, 600823574551.611450
22.000000, 2919942654056.208984, 672922403497.804810
22.100000, 3292226149240.705078, 753673091917.541382
22.200000, 3711974617956.190430, 844113862947.646362
22.300000, 4185239694888.149902, 945407526501.363892
22.400000, 4718844579091.419922, 1058856429681.527588
22.500000, 5320482406017.986328, 1185919201243.310791
22.600000, 5998827161668.725586, 1328229505392.508057
22.700000, 6763658737950.336914, 1487617046039.608887
22.800000, 7626003932196.346680, 1666131091564.361816
22.900000, 8598295423683.328125, 1866066822552.085205
23.000000, 9694551019152.281250, 2089994841258.335449
23.100000, 10930575751569.835938, 2340794222209.335938
23.200000, 12324189745844.871094, 2621689528874.456055
23.300000, 13895485136706.882812, 2936292272339.390625
23.400000, 15667115742805.035156, 3288647345020.117676
23.500000, 17664623673342.367188, 3683285026422.531738
23.600000, 19916807576028.042969, 4125279229593.235352
23.700000, 22456137835483.820312, 4620312737144.423828
23.800000, 25319224708140.527344, 5174750265601.754883
23.900000, 28547346142859.210938, 5795720297473.965820
24.000000, 32187042897020.308594, 6491206733170.841797
24.100000, 36290789528040.742188, 7270151541151.342773
24.200000, 40917750934195.750000, 8142569726089.503906
24.300000, 46134635352014.812500, 9119678093220.244141
24.400000, 52016656108159.132812, 10214039464406.673828
24.500000, 58648615991636.578125, 11439724200135.474609
24.600000, 66126129880058.132812, 12812491104151.730469
24.700000, 74557003246894.500000, 14349990036649.937500
24.800000, 84062786424066.625000, 16071988841047.929688
24.900000, 94780527028124.687500, 18000627501973.679688
25.000000, 106864745815244.625000, 20160702802210.519531
25.100000, 120489664451518.265625, 22579987138475.781250
25.200000, 135851717316942.406250, 25289585595092.875000
25.300000, 153172383556504.062500, 28324335866504.019531
25.400000, 172701380208867.031250, 31723256170484.500000
25.500000, 194720262448909.750000, 35530046910942.640625
25.600000, 219546482849855.750000, 39793652540255.757812
25.700000, 247537968188537.968750, 44568890845086.445312
25.800000, 279098279778931.500000, 49917157746496.820312
25.900000, 314682431731965.312500, 55907216676076.437500
26.000000, 354803451025133.062500, 62616082677205.609375
26.100000, 400039773960335.125000, 70130012598470.281250
26.200000, 451043585646801.812500, 78545614110286.718750
26.300000, 508550222741842.000000, 87971087803521.125000
26.400000, 573388775011417.625000, 98527618339943.656250
26.500000, 646494038556326.750000, 110350932540736.890625
26.600000, 728919993037094.750000, 123593044445625.312500
26.700000, 821854997202585.500000, 138424209779100.343750
26.800000, 926638921800689.375000, 155035114952592.375000
26.900000, 1044782466881189.375000, 173639328746903.468750
27.000000, 1177988941993871.250000, 194476048196531.875000
27.100000, 1328178823293406.250000, 217813173980115.687500
27.200000, 1497517441597722.250000, 243950754857729.562500
27.300000, 1688446200586629.000000, 273224845440657.125000
27.400000, 1903717775222578.500000, 306011826893536.000000
27.500000, 2146435797859160.500000, 342733246120760.312500
27.600000, 2420099604203463.000000, 383861235655251.562500
27.700000, 2728654684247909.500000, 429924583933881.750000
27.800000, 3076549565536825.500000, 481515534005947.562500
27.900000, 3468799948870658.000000, 539297398086661.250000
28.000000, 3911061021110384.500000, 604013085857060.625000
28.100000, 4409708987636765.000000, 676494656159907.875000
28.200000, 4971932999941716.000000, 757674014899096.750000
28.300000, 5605838803697911.000000, 848594896686988.375000
28.400000, 6320565601630871.000000, 950426284289427.000000
28.500000, 7126417816039692.000000, 1064477438404158.250000
28.600000, 8035013650623960.000000, 1192214731012657.250000
28.700000, 9059452593475798.000000, 1335280498734176.000000
28.800000, 10214504276176618.000000, 1495514158582277.000000
28.900000, 11516821411833176.000000, 1674975857612150.250000
29.000000, 12985179882043812.000000, 1875972960525608.250000
29.100000, 14640749434196316.000000, 2101089715788681.250000
29.200000, 16507398891818828.000000, 2353220481683323.000000
29.300000, 18612040278290556.000000, 2635606939485322.000000
29.400000, 20985016815241224.000000, 2951879772223560.500000
29.500000, 23660540389524676.000000, 3306105344890388.000000
29.600000, 26677184795855660.000000, 3702837986277234.500000
29.700000, 30078441866328584.000000, 4147178544630502.500000
29.800000, 33913348504698672.000000, 4644839969986163.000000
29.900000, 38237193665561776.000000, 5202220766384503.000000
30.000000, 43112315471151952.000000, 5826487258350643.000000
30.100000, 48608999958020512.000000, 6525665729352720.000000
30.200000, 54806494411090384.000000, 7308745616875046.000000
30.300000, 61794149894606888.000000, 8185795090900052.000000
30.400000, 69672709452193104.000000, 9168090501808058.000000
30.500000, 78555760548352688.000000, 10268261362025024.000000
30.600000, 88571372691690752.000000, 11500452725468026.000000
30.700000, 99863943849944560.000000, 12880507052524188.000000
30.800000, 112596282277112560.000000, 14426167898827090.000000
30.900000, 126951953766986752.000000, 16157308046686340.000000
31.000000, 143137928174127664.000000, 18096185012288700.000000
31.100000, 161387563357924480.000000, 20267727213763344.000000
31.200000, 181963969570126400.000000, 22699854479414944.000000
31.300000, 205163802791202304.000000, 25423837016944736.000000
31.400000, 231321541705133600.000000, 28474697458978104.000000
31.500000, 260814309975024672.000000, 31891661154055476.000000
31.600000, 294067313343689024.000000, 35718660492542132.000000
31.700000, 331559969947414272.000000, 40004899751647184.000000
31.800000, 373832822225461056.000000, 44805487721844848.000000
31.900000, 421495330076241664.000000, 50182146248466232.000000
32.000000, 475234657616371072.000000, 56204003798282176.000000
32.100000, 535825580223859520.000000, 62948484254076040.000000
32.200000, 604141654698096512.000000, 70502302364565168.000000
32.300000, 681167813580056448.000000, 78962578648312992.000000
32.400000, 768014565208718720.000000, 88438088086110544.000000
32.500000, 865934004239937408.000000, 99050658656443808.000000
32.600000, 976337863456048768.000000, 110936737695217056.000000
32.700000, 1100817867124434432.000000, 124249146218643104.000000
32.800000, 1241168679345120000.000000, 139159043764880272.000000
32.900000, 1399413778240550912.000000, 155858129016665920.000000
33.000000, 1577834629023026944.000000, 174561104498665824.000000
33.100000, 1779003576536370688.000000, 195508437038505728.000000
33.200000, 2005820931493201664.000000, 218969449483126400.000000
33.300000, 2261556785090605824.000000, 245245783421101568.000000
33.400000, 2549898154857626112.000000, 274675277431633760.000000
33.500000, 2875002141450025472.000000, 307636310723429824.000000
33.600000, 3241555862768881152.000000, 344552668010241408.000000
33.700000, 3654844029490570752.000000, 385898988171470400.000000
33.800000, 4120825136264287232.000000, 432206866752046848.000000
33.900000, 4646217367047156736.000000, 484071690762292480.000000
34.000000, 5238595453099071488.000000, 542160293653767552.000000
34.100000, 5906499880067264512.000000, 607219528892219648.000000
34.200000, 6659560018629783552.000000, 680085872359286016.000000
34.300000, 7508632953908950016.000000, 761696177042400384.000000
34.400000, 8465960015197526016.000000, 853099718287488384.000000
34.500000, 9545343262732068864.000000, 955471684481986944.000000
34.600000, 10762344475974787072.000000, 1070128286619825408.000000
34.700000, 12134509512274311168.000000, 1198543681014204416.000000
34.800000, 13681621270549237760.000000, 1342368922735908864.000000
34.900000, 15425984907045644288.000000, 1503453193464217856.000000
35.000000, 17392749415205009408.000000, 1683867576679923968.000000
35.100000, 19610270205952626688.000000, 1885931685881514752.000000
35.200000, 22110517915832365056.000000, 2112243488187296512.000000
35.300000, 24929539336890486784.000000, 2365712706769772032.000000
35.400000, 28107977113668149248.000000, 2649598231582144512.000000
35.500000, 31691655699926122496.000000, 2967550019372001792.000000
35.600000, 35732242023004192768.000000, 3323656021696642048.000000
35.700000, 40287990380809388032.000000, 3722494744300238848.000000
35.800000, 45424582310822961152.000000, 4169194113616267264.000000
35.900000, 51216073539760955392.000000, 4669497407250219008.000000
36.000000, 57745961666338095104.000000, 5229837096120245248.000000
36.100000, 65108389970219819008.000000, 5857417547654674432.000000
36.200000, 73409504702824857600.000000, 6560307653373235200.000000
36.300000, 82768985428436189184.000000, 7347544571778023424.000000
36.400000, 93321770478981447680.000000, 8229249920391386112.000000
36.500000, 105220002398864441344.000000, 9216759910838351872.000000
36.600000, 118635221427894550528.000000, 10322771100138954752.000000
36.700000, 133760838646372843520.000000, 11561503632155629568.000000
36.800000, 150814924438401875968.000000, 12948884068014305280.000000
36.900000, 170043352475480326144.000000, 14502750156176021504.000000
37.000000, 191723344548105617408.000000, 16243080174917144576.000000
37.100000, 216167467352256380928.000000, 18192249795907201024.000000
37.200000, 243728138853557698560.000000, 20375319771416064000.000000
37.300000, 274802709198686486528.000000, 22820358143985991680.000000
37.400000, 309839189427000967168.000000, 25558801121264312320.000000
37.500000, 349342710574850965504.000000, 28625857255816028160.000000
37.600000, 393882806295348510720.000000, 32060960126513950720.000000
37.700000, 444101623989253439488.000000, 35908275341695623168.000000
37.800000, 500723182829173211136.000000, 40217268382699094016.000000
37.900000, 564563812152695455744.000000, 45043340588622987264.000000
38.000000, 636543920717817184256.000000, 50448541459257745408.000000
38.100000, 717701266501328699392.000000, 56502366434368675840.000000
38.200000, 809205918354776391680.000000, 63282650406492913664.000000
38.300000, 912377125224411955200.000000, 70876568455272062976.000000
38.400000, 1028702336143563423744.000000, 79381756669904715776.000000
38.500000, 1159858645214213570560.000000, 88907567470293286912.000000
38.600000, 1307736970756151836672.000000, 99576475566728478720.000000
38.700000, 1474469317221507661824.000000, 111525652634735902720.000000
38.800000, 1662459512917637201920.000000, 124908730950904217600.000000
38.900000, 1874417866692826759168.000000, 139897778665012723712.000000
39.000000, 2113400243240286552064.000000, 156685512104814247936.000000
39.100000, 2382852120380520792064.000000, 175487773557391949824.000000
39.200000, 2686658263508269924352.000000, 196546306384278978560.000000
39.300000, 3029198733375278940160.000000, 220131863150392442880.000000
39.400000, 3415412034688875233280.000000, 246547686728439529472.000000
39.500000, 3850866315958006317056.000000, 276133409135852257280.000000
39.600000, 4341839647095710547968.000000, 309269418232154554368.000000
39.700000, 4895410532162943844352.000000, 346381748420013064192.000000
39.800000, 5519559962202220789760.000000, 387947558230414655488.000000
39.900000, 6223286479486566006784.000000, 434501265218064416768.000000
40.000000, 7016735912097631698944.000000, 486641417044232110080.000000
40.100000, 7911347649253998592000.000000, 545038387089539989504.000000
40.200000, 8920019566283755356160.000000, 610442993540284809216.000000
40.300000, 10057293977011408076800.000000, 683696152765118939136.000000
40.400000, 11339567294488550309888.000000, 765739691096933138432.000000
40.500000, 12785326422808359600128.000000, 857628454028565151744.000000
40.600000, 14415415288130990768128.000000, 960543868511992938496.000000
40.700000, 16253335351576848498688.000000, 1075809132733432070144.000000
40.800000, 18325584436566742269952.000000, 1204906228661443887104.000000
40.900000, 20662038755580959522816.000000, 1349494976100817174528.000000
41.000000, 23296383644128514146304.000000, 1511434373232915120128.000000
41.100000, 26266599211940276338688.000000, 1692806498020864819200.000000
41.200000, 29615507913159900921856.000000, 1895943277783368597504.000000
41.300000, 33391391930011787198464.000000, 2123456471117372850176.000000
41.400000, 37648689270941435297792.000000, 2378271247651457466368.000000
41.500000, 42448778619076577591296.000000, 2663663797369632194560.000000
41.600000, 47860864246398981242880.000000, 2983303453053987848192.000000
41.700000, 53962973751682613116928.000000, 3341299867420466348032.000000
41.800000, 60843083006882481176576.000000, 3742255851510922477568.000000
41.900000, 68600384530642930499584.000000, 4191326553692233007104.000000
42.000000, 77346717575434211426304.000000, 4694285740135300988928.000000
42.100000, 87208180546301012738048.000000, 5257600028951536730112.000000
42.200000, 98326948997920607698944.000000, 5888512032425720676352.000000
42.300000, 110863325420561035689984.000000, 6595133476316806905856.000000
42.400000, 124998050367302010929152.000000, 7386549493474824028160.000000
42.500000, 140934908242693881593856.000000, 8272935432691802701824.000000
42.600000, 158903665321265162354688.000000, 9265687684614819151872.000000
42.700000, 179163382354148797186048.000000, 10377570206768596779008.000000
42.800000, 202006149522615544315904.000000, 11622878631580827385856.000000
42.900000, 227761297586421070036992.000000, 13017624067370525917184.000000
43.000000, 256800145940324219355136.000000, 14579738955454988943360.000000
43.100000, 289541356032838967754752.000000, 16329307630109588455424.000000
43.200000, 326456967329048187371520.000000, 18288824545722738147328.000000
43.300000, 368079202839654589005824.000000, 20483483491209467396096.000000
43.400000, 415008142333555907756032.000000, 22941501510154603986944.000000
43.500000, 467920373860888504958976.000000, 25694481691373155123200.000000
43.600000, 527578748317998587576320.000000, 28777819494337933737984.000000
43.700000, 594843377688729717047296.000000, 32231157833658487799808.000000
43.800000, 670684035526882477735936.000000, 36098896773697505329152.000000
43.900000, 756194138461113640026112.000000, 40430764386541203619840.000000
44.000000, 852606510297681789714432.000000, 45282456112926151409664.000000
44.100000, 961311155996712302018560.000000, 50716350846477289914368.000000
44.200000, 1083875301774428253192192.000000, 56802312948054568730624.000000
44.300000, 1222065990255310173896704.000000, 63618590501821113958400.000000
44.400000, 1377875556435100646244352.000000, 71252821362039647633408.000000
44.500000, 1553550351748752291659776.000000, 79803159925484412731392.000000
44.600000, 1751623130366745352601600.000000, 89379539116542534877184.000000
44.700000, 1974949564642124709756928.000000, 100105083810527641075712.000000
44.800000, 2226749416162048622985216.000000, 112117693867790960689152.000000
44.900000, 2510652955978916329160704.000000, 125571817131925882011648.000000
45.000000, 2830753303274694014664704.000000, 140640435187756981813248.000000
45.100000, 3191665437040126973706240.000000, 157517287410287830368256.000000
45.200000, 3598592731557445838569472.000000, 176419361899522371354624.000000
45.300000, 4057401974947464072921088.000000, 197589685327465061285888.000000
45.400000, 4574707952345194673733632.000000, 221300447566760865955840.000000
45.500000, 5157968813164363404804096.000000, 247856501274772156448768.000000
45.600000, 5815593597387414003777536.000000, 277599281427744819249152.000000
45.700000, 6557063471119467687182336.000000, 310911195199074186821632.000000
45.800000, 7393068419293366364143616.000000, 348220538622963118768128.000000
45.900000, 8335661366264160279592960.000000, 390007003257718676914176.000000
46.000000, 9398431946294653066674176.000000, 436807843648644912775168.000000
46.100000, 10596702429230293003010048.000000, 489224784886482272780288.000000
46.200000, 11947748626080648841396224.000000, 547931759072860142829568.000000
46.300000, 13471048959367707522760704.000000, 613683570161603397550080.000000
46.400000, 15188565289158783325437952.000000, 687325598580995778412544.000000
46.500000, 17125059543534274701426688.000000, 769804670410715304034304.000000
46.600000, 19308450718444184745803776.000000, 862181230860001119043584.000000
46.700000, 21770217393921452303974400.000000, 965642978563201205010432.000000
46.800000, 24545851569844932923359232.000000, 1081520135990785312030720.000000
46.900000, 27675370364334967927865344.000000, 1211302552309679442100224.000000
47.000000, 31203892952080753799200768.000000, 1356658858586840846303232.000000
47.100000, 35182291060490832386719744.000000, 1519457921617261844496384.000000
47.200000, 39667922402052801527021568.000000, 1701792872211333351735296.000000
47.300000, 44725457617009414114377728.000000, 1906008016876693375418368.000000
47.400000, 50427812648624789722759168.000000, 2134728978901896483831808.000000
47.500000, 56857199993359317998764032.000000, 2390896456370124018941952.000000
47.600000, 64106313982131373772636160.000000, 2677804031134539158913024.000000
47.700000, 72279667181211842647162880.000000, 2999140514870683729133568.000000
47.800000, 81495097180021854121754624.000000, 3359037376655165948428288.000000
47.900000, 91885465489629665191526400.000000, 3762121861853785926664192.000000
48.000000, 103600573045462558587224064.000000, 4213576485276240280813568.000000
48.100000, 116809319930578696740536320.000000, 4719205663509389286309888.000000
48.200000, 131702140456855149832306688.000000, 5285510343130515528220672.000000
48.300000, 148493748711369592511922176.000000, 5919771584306177005060096.000000
48.400000, 167426234151287751270465536.000000, 6630144174422917730271232.000000
48.500000, 188772551877367798001827840.000000, 7425761475353667686105088.000000
48.600000, 212840457906337529517309952.000000, 8316852852396107335991296.000000
48.700000, 239976946178107575197761536.000000, 9314875194683639700914176.000000
48.800000, 270573251267448883873054720.000000, 10432660218045675520131072.000000
48.900000, 305070488925645343924682752.000000, 11684579444211157269741568.000000
49.000000, 343966015773445065432629248.000000, 13086728977516496313909248.000000
49.100000, 387820599834860191936937984.000000, 14657136454818475613880320.000000
49.200000, 437266505291431731569623040.000000, 16415992829396693117042688.000000
49.300000, 493016608017204494303494144.000000, 18385911968924296892383232.000000
49.400000, 555874673315743725539819520.000000, 20592221405195212347670528.000000
49.500000, 626746944036213481938092032.000000, 23063287973818637142196224.000000
49.600000, 706655206137824008835432448.000000, 25830882530676872396668928.000000
49.700000, 796751520072574894017085440.000000, 28930588434358096397074432.000000
49.800000, 898334830372907683936206848.000000, 32402259046481067792924672.000000
49.900000, 1012869692909543310271447040.000000, 36290530132058796615270400.000000
50.000000, 1142007389815684303259959296.000000, 40645393747905852209102848.000000
50.100000, 1287609736497561600687865856.000000, 45522840997654552069013504.000000
50.200000, 1451775923963946375145586688.000000, 50985581917373094537723904.000000
50.300000, 1636872783468096098102411264.000000, 57103851747457862102679552.000000
50.400000, 1845568909796242919067222016.000000, 63956313957152807960182784.000000
50.500000, 2080873135168039197085794304.000000, 71631071632011142853820416.000000
50.600000, 2346177908438079611632353280.000000, 80226800227852482057863168.000000
50.700000, 2645308205009012570772733952.000000, 89854016255194775781638144.000000
50.800000, 2982576672604764596640677888.000000, 100636498205818150249824256.000000
50.900000, 3362845807955954231861575680.000000, 112712877990516326905413632.000000
51.000000, 3791598060817230415035105280.000000, 126238423349378290257231872.000000
51.100000, 4275014876025912969901637632.000000, 141387034151303685775294464.000000
51.200000, 4820065813174199598100512768.000000, 158353478249460136314667008.000000
51.300000, 5434609028759279400841641984.000000, 177355895639395362293153792.000000
51.400000, 6127504569490963631559409664.000000, 198638603116122796147605504.000000
51.500000, 6908742110139282861638811648.000000, 222475235490057519315812352.000000
51.600000, 7789584977555872323007938560.000000, 249172263748864432628826112.000000
51.700000, 8782732537304287181176569856.000000, 279072935398728161795506176.000000
51.800000, 9902503284074301149438541824.000000, 312561687646575546708525056.000000
51.900000, 11165041275548252282386644992.000000, 350069090164164645298896896.000000
52.000000, 12588548885934400943461236736.000000, 392077380983864380744531968.000000
52.100000, 14193549234844055457725677568.000000, 439126666701928067950968832.000000
52.200000, 16003182075023602229562048512.000000, 491821866706159405868515328.000000
52.300000, 18043537404840563692214943744.000000, 550840490710898551065411584.000000
52.400000, 20344031615312383762298306560.000000, 616941349596206357951807488.000000
52.500000, 22937831594696099547609825280.000000, 690974311547751054935326720.000000
52.600000, 25862332905077713695559122944.000000, 773891228933481154039775232.000000
52.700000, 29159698924972737462697721856.000000, 866758176405498931007455232.000000
52.800000, 32877468730909419588483547136.000000, 970769157574158841211256832.000000
52.900000, 37069242481999647986451218432.000000, 1087261456483057940639514624.000000
53.000000, 41795454188886935846946603008.000000, 1217732831261024888018698240.000000
53.100000, 47124243008300264839601717248.000000, 1363860771012347819605360640.000000
53.200000, 53132435624919811551817367552.000000, 1527524063533829502982422528.000000
53.300000, 59906653883841216106410803200.000000, 1710826951157888922394034176.000000
53.400000, 67544563642686181459036733440.000000, 1916126185296835461139922944.000000
53.500000, 76156282848431780463778988032.000000, 2146061327532455683491364864.000000
53.600000, 85865969139594412849763450880.000000, 2403588686836350442476142592.000000
53.700000, 96813609862704960523596726272.000000, 2692019329256712451592814592.000000
53.800000, 109157040310234349762296938496.000000, 3015061648767517901803487232.000000
53.900000, 123074219277511032536586780672.000000, 3376869046619620225941766144.000000
54.000000, 138765794745984023918031142912.000000, 3782093332213974345191522304.000000
54.100000, 156457996683007564126628085760.000000, 4235944532079651288604737536.000000
54.200000, 176405898664505722708355448832.000000, 4744257875929209641149399040.000000
54.300000, 198897095344261497318103056384.000000, 5313568821040715017989652480.000000
54.400000, 224255848788938764749794967552.000000, 5951197079565601259953061888.000000
54.500000, 252847763457786558043744370688.000000, 6665340729113472795420917760.000000
54.600000, 285085057227542401108731232256.000000, 7465181616607089310969102336.000000
54.700000, 321432504456381632862213898240.000000, 8361003410599939676441673728.000000
54.800000, 362414136769840447779571236864.000000, 9364323819871932041790488576.000000
54.900000, 408620798175854201585392418816.000000, 10488042678256564854375579648.000000
55.000000, 460718663433129195656588558336.000000, 11746607799647352900783439872.000000
55.100000, 519458842484713515894255386624.000000, 13156200735605034545190010880.000000
55.200000, 585688209426575634683442233344.000000, 14734944823877639130417463296.000000
55.300000, 660361612135629134078125539328.000000, 16503138202742956353833140224.000000
55.400000, 744555638586806071163017494528.000000, 18483514787072110148722884608.000000
55.500000, 839484138332287290809845284864.000000, 20701536561520762311038468096.000000
55.600000, 946515722920483203699491995648.000000, 23185720948903254316128665600.000000
55.700000, 1067193497563226262726810533888.000000, 25968007462771644834064105472.000000
55.800000, 1203257308528508135596787499008.000000, 29084168358304241510464356352.000000
55.900000, 1356668827005772668166612189184.000000, 32574268561300748028814032896.000000
56.000000, 1529639831084900023749440438272.000000, 36483180788656838320037298176.000000
56.100000, 1724664093598616136565575909376.000000, 40861162483295662085035261952.000000
56.200000, 1944553335564446589129012019200.000000, 45764501981291139072333447168.000000
56.300000, 2192477763577096378850094350336.000000, 51256242219046079983138111488.000000
56.400000, 2472011775590943435510203285504.000000, 57406991285331606766364917760.000000
56.500000, 2787185494045943609455632449536.000000, 64295830239571396059891499008.000000
56.600000, 3142542869304522522397834739712.000000, 72011329868319962531547316224.000000
56.700000, 3543207191094032022534889668608.000000, 80652689452518363664832528384.000000
56.800000, 3994954952451942243972855889920.000000, 90331012186820569415674757120.000000
56.900000, 4504299131091020152698587578368.000000, 101170733649239030708681310208.000000
57.000000, 5078583088876793385527755669504.000000, 113311221687147704542098882560.000000
57.100000, 5726086443192872037759942918144.000000, 126908568289605425568713539584.000000
57.200000, 6456144436571337561774242136064.000000, 142137596484358078748021489664.000000
57.300000, 7279282525575815224261487886336.000000, 159194108062481039753534767104.000000
57.400000, 8207368129343535064605561716736.000000, 178297401029978777190332891136.000000
57.500000, 9253781725587787468363756732416.000000, 199693089153576238897422139392.000000
57.600000, 10433609760803040342825871867904.000000, 223656259852005397416736980992.000000
57.700000, 11763862155913156987986267602944.000000, 250495011034246054958369603584.000000
57.800000, 13263717543205913758399194988544.000000, 280554412358355566072250236928.000000
57.900000, 14954799770202866566503356956672.000000, 314220941841358217112421662720.000000
58.000000, 16861489656903536671476322140160.000000, 351927454862321231313409933312.000000
58.100000, 19011276501097031972142828224512.000000, 394158749445799781885768892416.000000
58.200000, 21435154399491969130850246721536.000000, 441457799379295736008812789760.000000
58.300000, 24168069098544765482754459566080.000000, 494432735304811238403619160064.000000
58.400000, 27249421817362144462348721586176.000000, 553764663541388578567804157952.000000
58.500000, 30723637306434312600131322511360.000000, 620216423166355196736941588480.000000
58.600000, 34640804332071003425948171239424.000000, 694642393946317792197876908032.000000
58.700000, 39057397820587431179532149719040.000000, 777999481219875887855125397504.000000
58.800000, 44037093073595691566019481960448.000000, 871359418966260971879742308352.000000
58.900000, 49651683793186597735018117726208.000000, 975922549242212277246312316928.000000
59.000000, 55982117152432855072364835110912.000000, 1093033255151277733627371192320.000000
59.100000, 63119660834116093056480318586880.000000, 1224197245769431089810153406464.000000
59.200000, 71167218863223239787446471229440.000000, 1371100915261762741774378336256.000000
59.300000, 80240815203944923381745546428416.000000, 1535633025093174237010306531328.000000
59.400000, 90471266510610805005681617272832.000000, 1719908988104354987825556357120.000000
59.500000, 102006068149111308048034472919040.000000, 1926298066676877473774632435712.000000
59.600000, 115011520680114769104949206843392.000000, 2157453834678102703073593917440.000000
59.700000, 129675127462186233616378489733120.000000, 2416348294839475083737420529664.000000
59.800000, 146208297941767803112590514585600.000000, 2706310090220212296447894224896.000000
59.900000, 164849395604123268617423000961024.000000, 3031067301046637794539639668736.000000
60.000000, 185867174528412806716844035538944.000000, 3394795377172234127222413197312.000000
60.100000, 209564654092737754150835375308800.000000, 3802170822432902154935108370432.000000
60.200000, 236283487691883781609731938844672.000000, 4258431321124850233383336280064.000000
60.300000, 266408888452794346802112339378176.000000, 4769443079659832464051319865344.000000
60.400000, 300375182963288076963494353698816.000000, 5341776249219012674989452165120.000000
60.500000, 338672073083682957788223113265152.000000, 5982789399125294646348149161984.000000
60.600000, 381851696119714514854903042539520.000000, 6700724127020330093981919608832.000000
60.700000, 430536585145224621017053458857984.000000, 7504811022262769525115764867072.000000
60.800000, 485428644240971810492537750159360.000000, 8405388344934301462805690187776.000000
60.900000, 547319268048143036781255377027072.000000, 9414034946326417773450361831424.000000
61.000000, 617100751533012477931460015161344.000000, 10543719139885588897056323272704.000000
61.100000, 695779154460731406069677676298240.000000, 11808965436671860105135037349888.000000
61.200000, 784488806049038316475517295919104.000000, 13226041289072483948255189663744.000000
61.300000, 884508658919558154303871658229760.000000, 14813166243761181211397879496704.000000
61.400000, 997280728126488061531395824025600.000000, 16590746193012523497197580320768.000000
61.500000, 1124430881103407814413960179875840.000000, 18581635736174026497005275054080.000000
61.600000, 1267792278262721387541214357618688.000000, 20811432024514911478085759008768.000000
61.700000, 1429431802197848204386073191645184.000000, 23308803867456701035600035184640.000000
61.800000, 1611679856525514063401422109540352.000000, 26105860331551506060591964880896.000000
61.900000, 1817163963986425472375857919033344.000000, 29238563571337686247431045382144.000000
62.000000, 2048846648198172944352374234808320.000000, 32747191199898210038274651586560.000000
62.100000, 2310068145212407151624857636044800.000000, 36676854143885994342147684302848.000000
62.200000, 2604594560660808809934282098212864.000000, 41078076641152311141189615091712.000000
62.300000, 2936672166785800713005046251388928.000000, 46007445838090585595828607385600.000000
62.400000, 3311088622171788586440840525643776.000000, 51528339338661455867328040271872.000000
62.500000, 3733241996799001484873660503162880.000000, 57711740059300831291983345483776.000000
62.600000, 4209218597574735311608316803678208.000000, 64637148866416927804429615235072.000000
62.700000, 4745880716374890843632735302451200.000000, 72393606730386959861537109442560.000000
62.800000, 5350965565683984805408808435187712.000000, 81080839538033398647801264472064.000000
62.900000, 6033196828218373269095682316173312.000000, 90810540282597415132448700760064.000000
63.000000, 6802410428774826624209422332723200.000000, 101707805116509113595253829402624.000000
63.100000, 7669696341594361718973938779815936.000000, 113912741730490201462076765896704.000000
63.200000, 8647558477717539119382428267839488.000000, 127582270738149030681557560459264.000000
63.300000, 9750094957474969360375156502953984.000000, 142892143226726923010255752265728.000000
63.400000, 10993201367153025305238379578785792.000000, 160039200413934153050910502158336.000000
63.500000, 12394799930243180397568571964653568.000000, 179243904463606242770108477865984.000000
63.600000, 13975097897305315032305653117878272.000000, 200753172999238971726395164590080.000000
63.700000, 15756878879725367712853971659915264.000000, 224843553759147641127803180548096.000000
63.800000, 17765831327607995805248955191656448.000000, 251824780210245371033506489040896.000000
63.900000, 20030918887568058259564226171371520.000000, 282043753835474828527894194552832.000000
64.000000, 22584797979974938142403577771982848.000000, 315889004295731812274697140174848.000000
64.100000, 25464288615978104651958884539301888.000000, 353795684811219618218445750927360.000000
64.200000, 28710905242223572303019362488418304.000000, 396251166988565957993140433453056.000000
64.300000, 32371455266601019992045629913169920.000000, 443801307027193907539962423672832.000000
64.400000, 36498713894135412752915821372637184.000000, 497057463870457144739416537825280.000000
64.500000, 41152185002333689949730145109540864.000000, 556704359534912030931184137535488.000000
64.600000, 46398959025743456691462364481978368.000000, 623508882679101477525229995556864.000000
64.700000, 52314680218086438947326750053367808.000000, 698329948600593591417574841647104.000000
64.800000, 58984637237273729684967365487362048.000000, 782129542432664845446113914781696.000000
64.900000, 66504992776578039472270806353969152.000000, 875985087524584603841217492418560.000000
65.000000, 74984169969901206764271705855623168.000000, 981103298027534813948238821851136.000000
65.100000, 84544415559355558434874813646372864.000000, 1098835693790838910917522157993984.000000
65.200000, 95323562361792213609367257915326464.000000, 1230695977045739632109092524261376.000000
65.300000, 107477016444251498845386908796715008.000000, 1378379494291228249611603074351104.000000
65.400000, 121179997658038886334207947471585280.000000, 1543785033606175662623425535410176.000000
65.500000, 136630065833833634137880685535297536.000000, 1729039237638916603787656046837760.000000
65.600000, 154049969058730936542779052975456256.000000, 1936523946155586653888250002800640.000000
65.700000, 173690855099620183847582631175651328.000000, 2168906819694256994708764772794368.000000
65.800000, 195835892272949408889098958398291968.000000, 2429175638057567937836751960145920.000000
65.900000, 220804351963989266084352570473578496.000000, 2720676714624476205669312656048128.000000
66.000000, 248956211654423336986341670148636672.000000, 3047157920379413511758640819732480.000000
66.100000, 280697344821488288325480790609625088.000000, 3412816870824943017877527257415680.000000
66.200000, 316485372532919799700204736187727872.000000, 3822354895323936064730680067620864.000000
66.300000, 356836261101794521234769860787961856.000000, 4281037482762808184972490846502912.000000
66.400000, 402331760921625515919483314810912768.000000, 4794761980694345236344480024494080.000000
66.500000, 453627793729520931779962707277512704.000000, 5370133418377667125874419470172160.000000
66.600000, 511463909218935602943453104743383040.000000, 6014549428582986950395048885223424.000000
66.700000, 576673947340823959896521607558987776.000000, 6736295360012945522793035304271872.000000
66.800000, 650198060014632657348939477413789696.000000, 7544650803214499400579941199249408.000000
66.900000, 733096265569519512557933817640255488.000000, 8450008899600239374766394327433216.000000
67.000000, 826563731334223192690200300675399680.000000, 9464009967552268191972082015272960.000000
67.100000, 931948004709041803551525906354798592.000000, 10599691163658541297345935542583296.000000
67.200000, 1050768441145130691279356562589614080.000000, 11871654103297566806429770018979840.000000
67.300000, 1184738109130091868954247859212910592.000000, 13296252595693273900864138735779840.000000
67.400000, 1335788487990287448146344729315901440.000000, 14891802907176465846630631698595840.000000
67.500000, 1506097314585030471348520959021678592.000000, 16678819256037640825889103816949760.000000
67.600000, 1698119980366758110548491172969447424.000000, 18680277566762158647332999960461312.000000
67.700000, 1914624931467559526629766246499876864.000000, 20921910874773616024805993321857024.000000
67.800000, 2158733582185061472103710778409877504.000000, 23432540179746451239054797680148480.000000
67.900000, 2433965317312334775717922694460604416.000000, 26244445001316023543066966030811136.000000
68.000000, 2744288232123026935893093336653758464.000000, 29393778401473945999300120480317440.000000
68.100000, 3094176341545058467729130709579726848.000000, 32921031809650818596878931252477952.000000
68.200000, 3488674083323460141287721246088232960.000000, 36871555626808914245960232683438080.000000
68.300000, 3933469045133727824294114822004408320.000000, 41296142302025982110801053234495488.000000
68.400000, 4434973964173231406961510892447989760.000000, 46251679378269097012618127829106688.000000
68.500000, 5000419181441843261234554559730286592.000000, 51801880903661385702653251375071232.000000
68.600000, 5637956883652743737764576465986256896.000000, 58018106612100747559753063849787392.000000
68.700000, 6356778635658765039241983050683252736.000000, 64980279405552838373728075934334976.000000
68.800000, 7167247897892330071759603912876752896.000000, 72777912934219182298989378314174464.000000
68.900000, 8081049439362422330358607115332878336.000000, 81511262486325484543802985186066432.000000
69.000000, 9111357800338452031903224874257088512.000000, 91292613984684538261840765718102016.000000
69.100000, 10273027233494835580774819904280854528.000000, 102247727662846680639652368759128064.000000
69.200000, 11582805861954499087439177756226617344.000000, 114517454982388273461973497629638656.000000
69.300000, 13059577141808894837179319308748062720.000000, 128259549580274867753149843241959424.000000
69.400000, 14724632110347579031872418484565573632.000000, 143650695529907857786485928018051072.000000
69.500000, 16601976345081310970825262476401049600.000000, 160888778993496799982994476431835136.000000
69.600000, 18718676059074536012431231565781008384.000000, 180195432472716424835390968984240128.000000
69.700000, 21105248322340866624527620648718041088.000000, 201818884369442378106763574501179392.000000
69.800000, 23796101035239999275062919257187680256.000000, 226037150493775473809751884718669824.000000
69.900000, 26830028997097939956313256818945032192.000000, 253161608553028536569880214471966720.000000
70.000000, 30250773222011424441750273532830416896.000000, 283541001579391953579568210724782080.000000
70.100000, 34107651565659238331881150411077320704.000000, 317565921768918995387814025495576576.000000
70.200000, 38456269755047331779868284215464296448.000000, 355673832381189268931393604967989248.000000
70.300000, 43359323072303223455297721004055330816.000000, 398354692266931993009077044738260992.000000
70.400000, 48887500250634397235626032323415244800.000000, 446157255338963805606854823965097984.000000
70.500000, 55120502614176463073990165174937452544.000000, 499696125979639482940030765395607552.000000
70.600000, 62148193154956997685959948838885130240.000000, 559659661097196209086918250068967424.000000
70.700000, 70071892113561252153232311261696360448.000000, 626818820428859760080306543664300032.000000
70.800000, 79005837742249226432710592888936857600.000000, 702037078880322889969236603794620416.000000
70.900000, 89078833310777412398881248032497598464.000000, 786281528345961689892167928533483520.000000
71.000000, 100436104100266003788163176911043821568.000000, 880635311747477122194018597892784128.000000
71.100000, 113241391157947243145390280196101242880.000000, 986311549157174359148426518878748672.000000
71.200000, 127679311999054662116502372443620376576.000000, 1104668935056035299955112011905368064.000000
71.300000, 143958022290755575674030692060144599040.000000, 1237229207262759453308312003115220992.000000
71.400000, 162312216892418920523202228439396384768.000000, 1385696712134290634928974272185499648.000000
71.500000, 183006513519071948874721230638838448128.000000, 1551980317590405522926367392021872640.000000
71.600000, 206339267811273006163813214394033111040.000000, 1738217955701254244707112514935062528.000000
71.700000, 232646874814401698652593344385984233472.000000, 1946804110385404588789139116289687552.000000
71.800000, 262308618883020215360648276055810899968.000000, 2180420603631653127637919603070337024.000000
71.900000, 295752141932741005913104488813811466240.000000, 2442071076067451361283475469349421056.000000
72.000000, 333459608877018953073833474590647517184.000000, 2735119605195545784367649083501838336.000000
72.100000, 375974659137730561855202713295514501120.000000, 3063333957819011065985275244388024320.000000
72.200000, 423910244451422059148624703215691104256.000000, 3430934032757292275844346201973456896.000000
72.300000, 477957465971217261686142223717897338880.000000, 3842646116688167372557500160558497792.000000
72.400000, 538895538071406530478247409101582630912.000000, 4303763650690747504488065008521969664.000000
72.500000, 607603022505687171762240985030790742016.000000, 4820215288773637417533124538678640640.000000
72.600000, 685070494885268245492430402135158423552.000000, 5398641123426473671518775339837816832.000000
72.700000, 772414826093068202485320087646075092992.000000, 6046478058237650323206369065832546304.000000
72.800000, 870895284533169529532139660945316118528.000000, 6772055425226168928675111298089877504.000000
72.900000, 981931691366463597482208570191978168320.000000, 7584702076253309766800102598218088448.000000
73.000000, 1107124890481703886967602556744627126272.000000, 8494866325403706655474125937825546240.000000
73.100000, 1248279828323288039001439752340929249280.000000, 9514250284452151218012696906882351104.000000
73.200000, 1407431576324557142551388263524448862208.000000, 10655960318586409930858198480065658880.000000
73.300000, 1586874671119320662122277517944699224064.000000, 11934675556816778650324534010709016576.000000
73.400000, 1789196195538099106332529414063484043264.000000, 13366836623634791049442851860672151552.000000
73.500000, 2017313077327013425404312399155598196736.000000, 14970857018470966258717983056131522560.000000
73.600000, 2274514143336087079188831093632566034432.000000, 16767359860687481265290844448938262528.000000
73.700000, 2564507535484210684644238668453449302016.000000, 18779443043969978261547108523667619840.000000
73.800000, 2891474172110044887811333853150820958208.000000, 21032976209246376597406058120436776960.000000
73.900000, 3260128025477125155693650175009421787136.000000, 23556933354355940844621488520960147456.000000
74.000000, 3675784084471162235649187855193211928576.000000, 26383765356878652234818792625188896768.000000
74.100000, 4144434982326832217953464561375031328768.000000, 29549817199704090691891707054997372928.000000
74.200000, 4672837394148884017680131917931956142080.000000, 33095795263668580819340074642453823488.000000
74.300000, 5268609449845264465829309914761947774976.000000, 37067290695308808817608949766476005376.000000
74.400000, 5940340566901909287426494126728146845696.000000, 41515365578745867197984638941953785856.000000
74.500000, 6697715286491081452186099213232997662720.000000, 46497209448195369750585521096701771776.000000
74.600000, 7551652898293785150056990763632295936000.000000, 52076874581978810720551915962161430528.000000
74.700000, 8514464867046549311292306850128433512448.000000, 58326099531816267251439508618477568000.000000
74.800000, 9600032330478099312106877346096762322944.000000, 65325231475634219321612249652694876160.000000
74.900000, 10824006227674320784389495382979804921856.000000, 73164259252710329418098905906734432256.000000
75.000000, 12204032943178407132903123400662758457344.000000, 81943970363035567437113500097256095744.000000
75.100000, 13760008720004504132847833972585139273728.000000, 91777246806599837040724394627213295616.000000
75.200000, 15514366509509903699414663322407094190080.000000, 102790516423391819752347233759908593664.000000
75.300000, 17492399393721003987178115924189878681600.000000, 115125378394198847189572548920816435200.000000
75.400000, 19722625242989220858950111990926677114880.000000, 128940423801502708852321254791314407424.000000
75.500000, 22237197866350366258725617436100579557376.000000, 144413274657683027869970707293126262784.000000
75.600000, 25072370582257763547992444605837908901888.000000, 161742867616604988947631280390871711744.000000
75.700000, 28269018893127115763005803868496855040000.000000, 181152011730597589132504308556062785536.000000
75.800000, 31873229799238401193916148659502224244736.000000, 202890253138269290761461178473071509504.000000
75.900000, 35936966248307400021322389715077820317696.000000, 227237083514861592052421049225261875200.000000
76.000000, 40518816300281057884506887227938059583488.000000, 254505533536644983098711575132293300224.000000
76.100000, 45684837808289535163820082001464268947456.000000, 285046197561042375025927866075022622720.000000
76.200000, 51509510793761117568314766073844268531712.000000, 319251741268367467584825582595457679360.000000
76.300000, 58076811246359797553475494254096536305664.000000, 357561950220571548583431907324047917056.000000
76.400000, 65481421830039712703105805149573216206848.000000, 400469384247040170681218324641808908288.000000
76.500000, 73830096950311104666025184825425275125760.000000, 448525710356684994185279072635398914048.000000
76.600000, 83243201863276221982704105349611425628160.000000, 502348795599487181398254365205355036672.000000
76.700000, 93856448016229455317426353638184404910080.000000, 562630651071425625032157594810560020480.000000
76.800000, 105822849638722523051629009591137143357440.000000, 630146329199996730259161996553556590592.000000
76.900000, 119314929792817868655790696018479337701376.000000, 705763888703996289533228651554816393216.000000
77.000000, 134527207687815094879743774552470757310464.000000, 790455555348475789875554207083081498624.000000
77.100000, 151679003119776992038416617254077100720128.000000, 885310221990292878615991613859905404928.000000
77.200000, 171017598468247627589478402639363099852800.000000, 991547448629128042183797901742531674112.000000
77.300000, 192821803837613174327124964826192185131008.000000, 1110533142464623479781402826829385957376.000000
77.400000, 217405976742765840090556490565396920795136.000000, 1243797119560378303399800264122058145792.000000
77.500000, 245124554292008586978341928431839348785152.000000, 1393052773907623651450743511231538135040.000000
77.600000, 276377163209034715677005849713874242109440.000000, 1560219106776538429178541751847863975936.000000
77.700000, 311614381366627349356106106684139617910784.000000, 1747445399589722956055159389045565423616.000000
77.800000, 351344233897728796438549348513534323982336.000000, 1957138847540489807495844084901367250944.000000
77.900000, 396139517540253116679712747733489889050624.000000, 2191995509245348548127570786650656079872.000000
78.000000, 446646058812810318388208366627305516171264.000000, 2455034970354790204653264535000650350592.000000
78.100000, 503592025081782561515401744350840017125376.000000, 2749639166797364980854623494615561404416.000000
78.200000, 567798422760194517790845519843649516470272.000000, 3079595866813048875271243883139762749440.000000
78.300000, 640190933993848366817894618307825657446400.000000, 3449147370830614982088957072042369220608.000000
78.400000, 721813262487727120174652336024421318787072.000000, 3863045055330288828296664705272620515328.000000
78.500000, 813842180883153599584020652363364008198144.000000, 4326610461969923656941879215953419436032.000000
78.600000, 917604496628239549185825580199434631774208.000000, 4845803717406314689203035860208497721344.000000
78.700000, 1034596180943422633825005258174882216148992.000000, 5427300163495072113408170671337348530176.000000
78.800000, 1166503936669760262919674797590692596023296.000000, 6078576183114480621946052798142329389056.000000
78.900000, 1315229515950089467125800682617596425535488.000000, 6808005325088218635078808626015577833472.000000
79.000000, 1482917138337999158710907038857073969332224.000000, 7624965964098805306501560722403950067712.000000
79.100000, 1671984404629198925526384971089649176936448.000000, 8539961879790661411354387378655587205120.000000
79.200000, 1885157152109220571772578278193286600458240.000000, 9564757305365540297146586018242587787264.000000
79.300000, 2125508753735498147776741949348074076766208.000000, 10712528182009405519660438617113034227712.000000
79.400000, 2396504427841187216380202832077207950589952.000000, 11998031563850534859018150235358936170496.000000
79.500000, 2702051197186945630486074805584380618080256.000000, 13437795351512599622384721678624012369920.000000
79.600000, 3046554217634577852813438284476490392272896.000000, 15050330793694111093500560434207223971840.000000
79.700000, 3434980288548870279607928907079150439759872.000000, 16856370488937403457579971994608751083520.000000
79.800000, 3872929460576029199142616601998272631930880.000000, 18879134947609891388919240788110131331072.000000
79.900000, 4366715773188502480434414278978114938732544.000000, 21144631141323077581877025129320675278848.000000
80.000000, 4923458286012057951571500940370710336897024.000000, 23681986878281844763992825623091808829440.000000
80.100000, 5551183716360931671059147686801768653520896.000000, 26523825303675665168531309006159486124032.000000
80.200000, 6258942162735676373163909231907102426923008.000000, 29706684340116745182183197225239292411904.000000
80.300000, 7056937582701915737026123813026223783673856.000000, 33271486460930754023760787477246003642368.000000
80.400000, 7956674906288502826837998513698962763939840.000000, 37264064836242444313183950836174856126464.000000
80.500000, 8971125905880951546398185349815751986380800.000000, 41735752616591538017622287213197174767616.000000
80.600000, 10114916214002994485865454281229444520607744.000000, 46744042930582520258599388018692820303872.000000
80.700000, 11404536185277605842228179105225954054635520.000000, 52353328082252421915918790027573286928384.000000
80.800000, 12858578642623439949676679015180277269921792.000000, 58635727452122714866966618490970096795648.000000
80.900000, 14498006935343798940825829244994728759394304.000000, 65672014746377443358996448646655859752960.000000
81.000000, 16346457173776158279688393523602246504284160.000000, 73552656515942732693513399717441203863552.000000
81.100000, 18430578997909540875762534202637528797806592.000000, 82378975297855857908741171746764796985344.000000
81.200000, 20780419792928066499538786702150760723906560.000000, 92264452333598559310365063249651228999680.000000
81.300000, 23429857891024242845720053797897482729947136.000000, 103336186613630394164734116373236094599168.000000
81.400000, 26417091005081768334039754739062543751315456.000000, 115736529007266046106777357658200456822784.000000
81.500000, 29785186936115673885148666280990863370747904.000000, 129624912488137973960728214237272527077376.000000
81.600000, 33582704494173728580685708493946264091623424.000000, 145179901986714524646315403518843855831040.000000
81.700000, 37864393584701058587476769697744505194676224.000000, 162601490225120271472435874707918477590528.000000
81.800000, 42691984553712952148610117070489055641206784.000000, 182113669052134685480027590392164571414528.000000
81.900000, 48135078171986907225519670698085140540686336.000000, 203967309338390829168530311958520196497408.000000
82.000000, 54272149089441844039245369279579809552269312.000000, 228443386458997717836778605646465214709760.000000
82.100000, 61191677226792434421547165195510782550343680.000000, 255856592834077459451442529391294476713984.000000
82.200000, 68993423416070166377149217814628021139668992.000000, 286559383974166737563940092744271034056704.000000
82.300000, 77789867681301136622452041063640203054284800.000000, 320946510051066759998438345834111650758656.000000
82.400000, 87707830895443656597548603072083254117924864.000000, 359460091257194734060049768772796801875968.000000
82.500000, 98890303193469469980259809646724154575028224.000000, 402595302208058068103904660677574858375168.000000
82.600000, 111498505502365620936954180338185376549044224.000000, 450906738473025002233022139610926281654272.000000
82.700000, 125714213909723515665788718257060168813510656.000000, 505015547089788021070085385644941558939648.000000
82.800000, 141742380381990050398581233474771935266078720.000000, 565617412740562595977896024776137295003648.000000
82.900000, 159814087616058498888022266953425009585946624.000000, 633491502269430119874643940603076519395328.000000
83.000000, 180189880625137270449616922589024378287030272.000000, 709510482541761715690500624194741578235904.000000
83.100000, 203163523091306762714756268322772406769811456.000000, 794651740446773096814559913390505069641728.000000
83.200000, 229066232641223204127602483897679475898318848.000000, 890009949300385849863206513716661554511872.000000
83.300000, 258271456106125447679105364178158547596476416.000000, 996811143216432170415891884643365064540160.000000
83.400000, 291200253612478694786824111294082411206279168.000000, 1116428480402403968968796946531555127328768.000000
83.500000, 328327369127186933079308049514659979972313088.000000, 1250399898050692488572953955103651364077568.000000
83.600000, 370188074978239196309477416055123351758176256.000000, 1400447885816775475787104894031864786845696.000000
83.700000, 417385889030196462343455703503490659160948736.000000, 1568501632114788557640358267023294059249664.000000
83.800000, 470601275775207322400973422978502143093243904.000000, 1756721827968563097901398509089470103420928.000000
83.900000, 530601456785778668524182703159321535400902656.000000, 1967528447324790496337960830226968029954048.000000
84.000000, 598251471969398378399572405471864643909582848.000000, 2203631861003765368277916522708006942539776.000000
84.100000, 674526651098226748912666401717365356495896576.000000, 2468067684324217361024071219678600763539456.000000
84.200000, 760526675419623408009716670197659587976364032.000000, 2764235806443123407208758587478624608190464.000000
84.300000, 857491432077759032146999170758096098273787904.000000, 3095944103216298438903016689344509043015680.000000
84.400000, 966818889923967789520182409901011783458488320.000000, 3467457395602254375365382620603877618089984.000000
84.500000, 1090085254436730249503535419104040090689601536.000000, 3883552283074524999444431677906764924190720.000000
84.600000, 1229067692330521380502186929272974134636183552.000000, 4349578557043467875583759550717549225181184.000000
84.700000, 1385769953480597895386799466127431286088794112.000000, 4871527983888684119689013839634077124132864.000000
84.800000, 1562451259562657090043304694519582852554686464.000000, 5456111341955326436880902571758615860871168.000000
84.900000, 1761658875903133507822969344369754025362456576.000000, 6110844702989965807377017166030493748035584.000000
85.000000, 1986264836137654422790017457257994251451498496.000000, 6844146067348761803297462368784574989729792.000000
85.100000, 2239507349148008149208464525167162044291481600.000000, 7665443595430613269210759424453934984462336.000000
85.200000, 2525037485253264207144205142665276792133124096.000000, 8585296826882287257656863126710095150317568.000000
85.300000, 2846971814742972487991847458429856700954574848.000000, 9615532446108161926646092987576150552215552.000000
85.400000, 3209951757657892511171507189600884749036945408.000000, 10769396339641141654949233574576554594271232.000000
85.500000, 3619210500480972311745648739439871265588903936.000000, 12061723900398078455472735317864897161723904.000000
85.600000, 4080648444495331556621537644994738412035506176.000000, 13509130768445848464340682412991216772710400.000000
85.700000, 4600918273570719347292691659178869205845934080.000000, 15130226460659350280061564302550162785435648.000000
85.800000, 5187520867825026323735708494432924769886142464.000000, 16945853635938472016563342590364916343898112.000000
85.900000, 5848913445975054473777121055584174148476207104.000000, 18979356072251087965304521701395752361656320.000000
86.000000, 6594631495497180947451211949947587081615179776.000000, 21256878800921219016317080019715352604704768.000000
86.100000, 7435426248499188866272233818037578363821883392.000000, 23807704257031765496345535907742038901129216.000000
86.200000, 8383419685333521858102744929320486888749924352.000000, 26664628767875579732751875644601211375583232.000000
86.300000, 9452279300682148377603181210591315143218429952.000000, 29864384220020649102611694436292512756793344.000000
86.400000, 10657415151767923441820785945731384712307408896.000000, 33448110326423128579488348053934366158487552.000000
86.500000, 12016202029592722046794340079234086249456205824.000000, 37461883565593901830252480678137206275047424.000000
86.600000, 13548229956307561264204367521316489982705139712.000000, 41957309593465168663389934359887763141033984.000000
86.700000, 15275586620210006505955750995246728190562926592.000000, 46992186744680986526151851055144166911639552.000000
86.800000, 17223175820314901797584422586142347624506720256.000000, 52631249154042707682275761181013282715074560.000000
86.900000, 19419076511603166391852176069978253384442970112.000000, 58946999052527836565556978235951756318081024.000000
87.000000, 21894947627411367401291829564739942034362597376.000000, 66020638938831180518691128766161158785728512.000000
87.100000, 24686484515401750690107247650227159454833442816.000000, 73943115611490919011807563647526994098257920.000000
87.200000, 27833933567678606268993943912848155215451389952.000000, 82816289484869827312520408428621793551450112.000000
87.300000, 31382672464626826575906792717071542593299415040.000000, 92754244223054203420896356869482905035866112.000000
87.400000, 35383864398013675486873330911495788051405209600.000000, 103884753529820704662277419123247349898412032.000000
87.500000, 39895195705472161495795456514697883994074120192.000000, 116350923953399193975440460273897287498858496.000000
87.600000, 44981707551062457079980789235650610983392509952.000000, 130313034827807091706521939508261330450644992.000000
87.700000, 50716733642487377585390813620920521798803521536.000000, 145950599007143931619361820252245427008569344.000000
87.800000, 57182957504294579439443386656996251367712489472.000000, 163464670888001204998248488967801630120476672.000000
87.900000, 64473604550088743790621806926322931076329111552.000000, 183080431394561330583279304220496803284385792.000000
88.000000, 72693786140199110365268390739049178036135002112.000000, 205050083161908679161330068729949156582359040.000000
88.100000, 81962015002459318337144979659740158741822046208.000000, 229656093141337736506322179830410574081032192.000000
88.200000, 92411913864373527390461385339919026267589967872.000000, 257214824318298253795138089413052579874603008.000000
88.300000, 104194141930506089129379481811317157165180911616.000000, 288080603236494055342497412139626152555708416.000000
88.400000, 117478566979660772788128589645835450090954686464.000000, 322650275624873324553401348458227020282724352.000000
88.500000, 132456714397624922751210766527672529090903015424.000000, 361368308699858136176315512555508277683683328.000000
88.600000, 149344528453869205418472473602176806439580860416.000000, 404732505743841131532232377485610293456273408.000000
88.700000, 168385485632344804582836810683278091795772211200.000000, 453300406433102038793961757648721994995204096.000000
88.800000, 189854104902133804578326392374868262525712990208.000000, 507696455205074258096225164001980604460564480.000000
88.900000, 214059905536574331581430867928962661963272290304.000000, 568620029829683200759037189387953314413412352.000000
89.000000, 241351869541867226356027799676445542225100668928.000000, 636854433409245197526627654396801727110053888.000000
89.100000, 272123473031252763033621241883923024965584027648.000000, 713276965418354624398949473494991438105018368.000000
89.200000, 306818359083579633757454410158816406265743278080.000000, 798870201268557134959052402326361358293008384.000000
89.300000, 345936733873487957789445465911188252568970067968.000000, 894734625420784048198415700875847788639813632.000000
89.400000, 390042578288011818236981875825613116319484346368.000000, 1002102780471278178349996592968978575661203456.000000
89.500000, 439771779001631195240587804228135924862902337536.000000, 1122355114127831597781514190972138049641644032.000000
89.600000, 495841296237802434791456104857165030605354696704.000000, 1257037727823171433883066901876823667983253504.000000
89.700000, 559059500391161387933111540877835305919421874176.000000, 1407882255161952031302046934666630538075308032.000000
89.800000, 630337826536566979368623096391083481660699705344.000000, 1576828125781386160969738546285980067941056512.000000
89.900000, 710703914851369196278671566321869894365216768000.000000, 1766047500875152576345143185534061765896175616.000000
90.000000, 801316426400059090132307197811983598432756432896.000000, 1977973200980170986918608386056501297539973120.000000
90.100000, 903481747884894333486351852239499570720341491712.000000, 2215329985097791632113901415206221602915090432.000000
90.200000, 1018672826199654388447284495622646876677227937792.000000, 2481169583309526513879015564490322060561612800.000000
90.300000, 1148550404329580188199019265106454954336262815744.000000, 2778909933306669695544497432229160707829006336.000000
90.400000, 1294986964761808071770698635310237694010884882432.000000, 3112379125303470287186945165177952262175064064.000000
90.500000, 1460093725605276993202801347324237459453149970432.000000, 3485864620339886493472270543918014264229494784.000000
90.600000, 1646251078630758172698152170481307228311415422976.000000, 3904168374780672771276894990929823856200777728.000000
90.700000, 1856142908065313066549177062811005098815295324160.000000, 4372668579754353681301206421793518928483319808.000000
90.800000, 2092795284925036521770038519705722879063864901632.000000, 4897388809324876173763375201537917259769446400.000000
90.900000, 2359620094753152142547629254501823396936572469248.000000, 5485075466443861314614980225722467330941779968.000000
91.000000, 2660464227757619173420653118180413658394037059584.000000, 6143284522417124469544681816292459171182280704.000000
91.100000, 2999665040536241280407525536118061555740592570368.000000, 6880478665107178797417755524697441553306615808.000000
91.200000, 3382112888997347470649998947391317477297376722944.000000, 7706136104920040303813910196790310599571537920.000000
91.300000, 3813321634030553628522514336123336932750033682432.000000, 8630872437510444633211339329113387272838840320.000000
91.400000, 4299508136428927551410886753495410399857514381312.000000, 9666577130011697482136459957315233146898219008.000000
91.500000, 4847681887163546676275266943955672260118042378240.000000, 10826566385613101230698859161322237184394133504.000000
91.600000, 5465746065235290515759932237703117200257942814720.000000, 12125754351886672769910434151130792928103890944.000000
91.700000, 6162611480085090720442470606647184559043124396032.000000, 13580844874113074415008118413591657157102665728.000000
91.800000, 6948325041302888338767561559108364176474018676736.000000, 15210546259006644156105476769289472973845037056.000000
91.900000, 7834214607819177883511601378894781634483538886656.000000, 17035811810087440542129701817279040653080133632.000000
92.000000, 8833052304913189747684232891458979699873596571648.000000, 19080109227297933610009362071869229770922262528.000000
92.100000, 9959238663625615096777817778842085038548135706624.000000, 21369722334573686454506869666560354301322985472.000000
92.200000, 11229010237365521038785745727729101371401534701568.000000, 23934089014722528017751309880480779859591692288.000000
92.300000, 12660673688982081283733157735009449930011464171520.000000, 26806179696489233205298331394788811597995311104.000000
92.400000, 14274869723201200534152571119046217686861511393280.000000, 30022921260067940581461843052613356271337209856.000000
92.500000, 16094870669615181509647853660509956909570312896512.000000, 33625671811276095073830032511060592939677777920.000000
92.600000, 18146916006568179979375921786239006833809997955072.000000, 37660752428629228510930596777554906487164239872.000000
92.700000, 20460590663281091661803026061766070538789527224320.000000, 42180042720064735120945884244794678307733897216.000000
92.800000, 23069251554303905508520502078134050386059177492480.000000, 47241647846472500901570237915969588830991810560.000000
92.900000, 26010508495770019843577827835499002377963692883968.000000, 52910645588049196953276745735551854701260570624.000000
93.000000, 29326766436959435208516904565466393112922610991104.000000, 59259923058615096936836226566517400954906607616.000000
93.100000, 33065836824675613678597527311499940896837554143232.000000, 66371113825648906135367421316299038195825246208.000000
93.200000, 37281626914658780235667492306563518169456696098816.000000, 74335647484726773654666935655154697342489198592.000000
93.300000, 42034916968034878359908719491798224236739616047104.000000, 83255925182893987710171544152873486460422979584.000000
93.400000, 47394236537860014904220720960034350765609953787904.000000, 93246636204841268669281281889418755709343891456.000000
93.500000, 53436852479445615206393731198162789857703495729152.000000, 104436232549422222532187804008282640310245261312.000000
93.600000, 60249882928885904059400233363078247169808211640320.000000, 116968580455352892481235877073543824979034898432.000000
93.700000, 67931553310345148776839856848955603199519692423168.000000, 131004810109995234711205877445968182229178777600.000000
93.800000, 76592612480311015076258049762061810733462165913600.000000, 146725387323194662876550582739484364096680230912.000000
93.900000, 86357929425789027313994888795848571546354654904320.000000, 164332433801978025666922189252489755619842064384.000000
94.000000, 97368293536491494413252579237358455219014076465152.000000, 184052325858215370898432400749318553220641980416.000000
94.100000, 109782444406051138010579845806196928055576727912448.000000, 206138604961201233254764740052706752680700149760.000000
94.200000, 123779360426509321553244049423598396554798339981312.000000, 230875237556545397471264191780367902160185196544.000000
94.300000, 139560839171398645323858832807435821647912025194496.000000, 258580266063330843545223126501878416503627317248.000000
94.400000, 157354406769528275251991392256761324283935397511168.000000, 289609897990930557751392048019172897810303418368.000000
94.500000, 177416598214781841641073347471006383565807504326656.000000, 324363085749842229549337398657874547294880137216.000000
94.600000, 200036655905090509828080822936403869717017825116160.000000, 363286656039823274378959130406948618149344313344.000000
94.700000, 225540699733457508743045123256252849079848815034368.000000, 406881054764602106246660665066989666305988100096.000000
94.800000, 254296428852480225752293001225241898045284372447232.000000, 455706781336354384957744237549166568915188318208.000000
94.900000, 286718422899051424126889831187065766514009065914368.000000, 510391595096716940359343375313471967669052768256.000000
95.000000, 323274119108485968229021738744852333404169944694784.000000, 571638586508322934260238141339881389810616631296.000000
95.100000, 364490551491910440103830800069135336402242555084800.000000, 640235216889321712332951010974805299240372273152.000000
95.200000, 410961949237561176323579448873061030388112140795904.000000, 717063442916040304832162985954712863822976122880.000000
95.300000, 463358303884275539320864053045206137911570975424512.000000, 803111056065965108960167178426605729166131200000.000000
95.400000, 522435028782675277810113506978962717813096784592896.000000, 899484382793880922035387239837798416666066944000.000000
95.500000, 589043850107249540856789139647519161447367720304640.000000, 1007422508729146632679633708618334226665994977280.000000
95.600000, 664145086438120622989907754050121852779006535925760.000000, 1128313209776644196149334387809861655550312316928.000000
95.700000, 748821493950886029737786153645245371874198977249280.000000, 1263710794949841480216141294841441447226988560384.000000
95.800000, 844293876824592255458431281557906829951231340838912.000000, 1415356090343822399428738591705603599926143483904.000000
95.900000, 951938687927477309176420880668205947799492880236544.000000, 1585198821185081061398702930036137889264799055872.000000
96.000000, 1073307873534822152388760747205953166582832210903040.000000, 1775422679727290645978383671932714651387925889024.000000
96.100000, 1210151248185872398005556541842279969679997600268288.000000, 1988473401294565367726883956519811553639587119104.000000
96.200000, 1364441722264428724066697522144623355227691120852992.000000, 2227090209449913185892625738628050797423855927296.000000
96.300000, 1538403746016691473730320924053950230640027796242432.000000, 2494341034583902794161225119937555035767200284672.000000
96.400000, 1734545380091720428682361843927971393758650852966400.000000, 2793661958733970986672408524622301855470615265280.000000
96.500000, 1955694454974974868250410130870907704895021407797248.000000, 3128901393782047634880519010947668791389497327616.000000
96.600000, 2205039340635537608063175981556094573469628509454336.000000, 3504369561035893247220244121564836475746310422528.000000
96.700000, 2486174914175207079216060487518098373848632785895424.000000, 3924893908360200255156283367433649854268496150528.000000
96.800000, 2803154388208183360191109921045074397006353097818112.000000, 4395881177363424104044647322806720838213344165888.000000
96.900000, 3160547747195651908401161665011091759835616037044224.000000, 4923386918647035074414457879565941766756390404096.000000
97.000000, 3563507634229351304684687598451878732855857555439616.000000, 5514193348884679309305677117787992921419638898688.000000
97.100000, 4017843638172681368999301330913572390813612491407360.000000, 6175896550750840255269703933091512933635399352320.000000
97.200000, 4530106052177943456104665841104495017644921056133120.000000, 6917004136840941605131754258545257338721280196608.000000
97.300000, 5107680311151257211863631560183996046395176566915072.000000, 7747044633261854545824596184222411934062870528000.000000
97.400000, 5758893469697033951201377861923497166309122189033472.000000, 8676689989253277091323547726329101366150414991360.000000
97.500000, 6493134255664461457431278138529303544151823741878272.000000, 9717892787963670601897216380229974956613281251328.000000
97.600000, 7320988430143804109232084940826436085253671900676096.000000, 10884039922519311541431599613992058519151544631296.000000
97.700000, 8254391405436211953230826229385859276512487473676288.000000, 12190124713221628303327768543491790117790170480640.000000
97.800000, 9306800321333227787618259237357475761824323900276736.000000, 13652939678808224738186472475676330638024256782336.000000
97.900000, 10493388060581035507755462140088340861356488670576640.000000, 15291292440265212122152597855543700597026873933824.000000
98.000000, 11831262000705783743932442604413884296109830384386048.000000, 17126247533097036122967789208457208680131126624256.000000
98.100000, 13339710656006537860133810340171341220257859440214016.000000, 19181397237068681392337358449741046857236201078784.000000
98.200000, 15040481765627071372391788157635118424110136303812608.000000, 21483164905516923263263778634406525050714471792640.000000
98.300000, 16958095836981612999087051335586059999408993228292096.000000, 24061144694178955093314803777500833762899474251776.000000
98.400000, 19120199664978168474923278551598697535184488795996160.000000, 26948482057480431158355700620552669802986383343616.000000
98.500000, 21557964923831712054511353727291538923206056177827840.000000, 30182299904378085389660876791736251873982987370496.000000
98.600000, 24306537578078980377551781793753755687979905609367552.000000, 33804175892903455013344558982565286675201386348544.000000
98.700000, 27405544592079957069000363794384281644087980222054400.000000, 37860677000051871276480900791617962205984378060800.000000
98.800000, 30899665243388476320576025622427088096236491641978880.000000, 42403958240058095829658608886612117670702503428096.000000
98.900000, 34839275276776834702116911669109946263306042347618304.000000, 47492433228865071898438877463653884898023573553152.000000
99.000000, 39281173185873240897244582617078625110002955907497984.000000, 53191525216328883433937783538795823062864346742784.000000
99.100000, 44289399093416478684088736382894299587295738467450880.000000, 59574508242288346953707825466734060135769830326272.000000
99.200000, 49936158036169056066416270089653864719122233659752448.000000, 66723449231362949418920261888314567916941622640640.000000
99.300000, 56302860965751003622401380560374815135222166414426112.000000, 74730263139126499195353206487050213242577553981440.000000
99.400000, 63481298473795872583617976423664037233811815925809152.000000, 83697894715821674944958104437634136007289797083136.000000
99.500000, 71574964163374775969911664675873449423110449160781824.000000, 93741642081720265969143108583281185549611620630528.000000
99.600000, 80700546746112070657272810600793373356356911541256192.000000, 104990639131526697054672784247702507250685602430976.000000
99.700000, 90989612376976006637118326673609613025053035506696192.000000, 117589515827309907347373497282006172639803176124416.000000
99.800000, 102590501481467254347535841038606088140007428352638976.000000, 131700257726587098721360809052564175051217795284992.000000
99.900000, 115670467422304130681474234322408150427311295795560448.000000, 147504288653777538937179143020857988149052153266176.000000
